4.550100000000000000e+04
4.352800000000000000e+04
1.682400000000000000e+04
3.934100000000000000e+04
7.323000000000000000e+03
4.251300000000000000e+04
7.312500000000000000e+04
4.827000000000000000e+04
4.447000000000000000e+04
5.407700000000000000e+04
1.265800000000000000e+04
3.082100000000000000e+04
4.951200000000000000e+04
2.116400000000000000e+04
5.682000000000000000e+03
1.422900000000000000e+04
4.804500000000000000e+04
3.074200000000000000e+04
5.355500000000000000e+04
2.928200000000000000e+04
4.659300000000000000e+04
4.629600000000000000e+04
6.193600000000000000e+04
7.163600000000000000e+04
2.124700000000000000e+04
2.963500000000000000e+04
6.242200000000000000e+04
6.326100000000000000e+04
1.269500000000000000e+04
8.345000000000000000e+03
5.860700000000000000e+04
4.280800000000000000e+04
3.293400000000000000e+04
1.742100000000000000e+04
6.282100000000000000e+04
5.514500000000000000e+04
6.439200000000000000e+04
7.027000000000000000e+03
4.903300000000000000e+04
1.005600000000000000e+04
6.447100000000000000e+04
3.039800000000000000e+04
1.805500000000000000e+04
4.608100000000000000e+04
2.949500000000000000e+04
8.522000000000000000e+03
9.745000000000000000e+03
8.735000000000000000e+03
2.994300000000000000e+04
2.179000000000000000e+03
4.623700000000000000e+04
5.387800000000000000e+04
1.017400000000000000e+04
2.302100000000000000e+04
9.242000000000000000e+03
4.061300000000000000e+04
5.374600000000000000e+04
2.244600000000000000e+04
7.097800000000000000e+04
3.295500000000000000e+04
5.391300000000000000e+04
2.944000000000000000e+04
6.387700000000000000e+04
4.391300000000000000e+04
1.282300000000000000e+04
1.142600000000000000e+04
2.026000000000000000e+04
4.330000000000000000e+02
2.623500000000000000e+04
1.988300000000000000e+04
6.018200000000000000e+04
7.176100000000000000e+04
7.000000000000000000e+02
3.485600000000000000e+04
4.473400000000000000e+04
1.767000000000000000e+03
3.035700000000000000e+04
3.883000000000000000e+04
6.925500000000000000e+04
1.931600000000000000e+04
2.771200000000000000e+04
3.754000000000000000e+03
9.138000000000000000e+03
1.876000000000000000e+03
3.514800000000000000e+04
2.781000000000000000e+03
2.530100000000000000e+04
4.434200000000000000e+04
5.090800000000000000e+04
5.796300000000000000e+04
6.998400000000000000e+04
1.958100000000000000e+04
6.726800000000000000e+04
3.165400000000000000e+04
3.394800000000000000e+04
6.175600000000000000e+04
5.472900000000000000e+04
3.437300000000000000e+04
3.522600000000000000e+04
5.786100000000000000e+04
5.510700000000000000e+04
4.634500000000000000e+04
2.522500000000000000e+04
2.340000000000000000e+04
2.219600000000000000e+04
7.098200000000000000e+04
4.955700000000000000e+04
3.080100000000000000e+04
4.019300000000000000e+04
4.589700000000000000e+04
5.435400000000000000e+04
3.562800000000000000e+04
4.080500000000000000e+04
6.767300000000000000e+04
6.110500000000000000e+04
3.320600000000000000e+04
1.768000000000000000e+04
3.543400000000000000e+04
4.133200000000000000e+04
4.304900000000000000e+04
5.938400000000000000e+04
1.804100000000000000e+04
6.975600000000000000e+04
8.954000000000000000e+03
2.576900000000000000e+04
5.937200000000000000e+04
4.093200000000000000e+04
4.837200000000000000e+04
2.709600000000000000e+04
8.744000000000000000e+03
1.637600000000000000e+04
7.310700000000000000e+04
1.363000000000000000e+03
3.293400000000000000e+04
7.027000000000000000e+03
4.589700000000000000e+04
4.330000000000000000e+02
4.093200000000000000e+04
4.659300000000000000e+04
7.097800000000000000e+04
7.312500000000000000e+04
1.804100000000000000e+04
4.473400000000000000e+04
5.391300000000000000e+04
4.608100000000000000e+04
4.951200000000000000e+04
1.265800000000000000e+04
5.510700000000000000e+04
1.142600000000000000e+04
8.522000000000000000e+03
4.955700000000000000e+04
5.472900000000000000e+04
4.804500000000000000e+04
4.550100000000000000e+04
4.080500000000000000e+04
5.435400000000000000e+04
1.988300000000000000e+04
7.163600000000000000e+04
2.949500000000000000e+04
6.018200000000000000e+04
1.805500000000000000e+04
3.522600000000000000e+04
4.280800000000000000e+04
1.682400000000000000e+04
3.165400000000000000e+04
3.485600000000000000e+04
1.637600000000000000e+04
4.447000000000000000e+04
3.320600000000000000e+04
4.304900000000000000e+04
3.074200000000000000e+04
1.282300000000000000e+04
5.407700000000000000e+04
7.310700000000000000e+04
5.786100000000000000e+04
4.061300000000000000e+04
6.925500000000000000e+04
4.827000000000000000e+04
6.726800000000000000e+04
5.860700000000000000e+04
1.422900000000000000e+04
3.514800000000000000e+04
4.434200000000000000e+04
2.928200000000000000e+04
2.179000000000000000e+03
6.767300000000000000e+04
4.837200000000000000e+04
1.363000000000000000e+03
7.176100000000000000e+04
4.623700000000000000e+04
5.938400000000000000e+04
2.116400000000000000e+04
2.623500000000000000e+04
1.876000000000000000e+03
6.998400000000000000e+04
2.026000000000000000e+04
3.543400000000000000e+04
6.242200000000000000e+04
6.110500000000000000e+04
1.269500000000000000e+04
4.634500000000000000e+04
9.138000000000000000e+03
5.796300000000000000e+04
3.080100000000000000e+04
3.295500000000000000e+04
1.767000000000000000e+03
3.754000000000000000e+03
8.954000000000000000e+03
5.387800000000000000e+04
4.251300000000000000e+04
3.039800000000000000e+04
9.242000000000000000e+03
3.394800000000000000e+04
5.682000000000000000e+03
3.437300000000000000e+04
5.355500000000000000e+04
4.629600000000000000e+04
4.352800000000000000e+04
2.576900000000000000e+04
6.439200000000000000e+04
4.903300000000000000e+04
3.562800000000000000e+04
2.302100000000000000e+04
3.883000000000000000e+04
2.530100000000000000e+04
1.768000000000000000e+04
6.975600000000000000e+04
8.735000000000000000e+03
4.019300000000000000e+04
6.387700000000000000e+04
4.133200000000000000e+04
2.781000000000000000e+03
8.744000000000000000e+03
2.244600000000000000e+04
2.709600000000000000e+04
9.745000000000000000e+03
1.742100000000000000e+04
5.090800000000000000e+04
1.958100000000000000e+04
6.326100000000000000e+04
5.937200000000000000e+04
2.522500000000000000e+04
1.017400000000000000e+04
7.000000000000000000e+02
2.340000000000000000e+04
5.514500000000000000e+04
7.323000000000000000e+03
2.124700000000000000e+04
2.944000000000000000e+04
2.771200000000000000e+04
2.994300000000000000e+04
6.447100000000000000e+04
1.931600000000000000e+04
2.963500000000000000e+04
3.934100000000000000e+04
7.098200000000000000e+04
6.282100000000000000e+04
1.005600000000000000e+04
8.345000000000000000e+03
2.219600000000000000e+04
3.035700000000000000e+04
3.082100000000000000e+04
6.193600000000000000e+04
6.175600000000000000e+04
4.391300000000000000e+04
5.374600000000000000e+04
