2.446900000000000000e+04
1.127440000000000000e+05
2.092520000000000000e+05
2.548660000000000000e+05
2.233060000000000000e+05
1.608000000000000000e+03
7.514400000000000000e+04
2.538530000000000000e+05
3.876600000000000000e+04
1.521000000000000000e+05
1.221640000000000000e+05
2.092500000000000000e+05
2.472980000000000000e+05
6.264000000000000000e+04
1.840740000000000000e+05
2.780690000000000000e+05
1.520120000000000000e+05
8.722200000000000000e+04
9.406600000000000000e+04
8.645400000000000000e+04
3.177600000000000000e+04
9.080200000000000000e+04
3.445200000000000000e+04
2.434580000000000000e+05
2.712150000000000000e+05
2.717130000000000000e+05
8.734300000000000000e+04
8.825000000000000000e+04
2.656300000000000000e+05
4.551100000000000000e+04
7.313000000000000000e+03
2.348520000000000000e+05
5.776000000000000000e+03
9.211000000000000000e+04
1.410840000000000000e+05
1.967070000000000000e+05
1.578420000000000000e+05
1.530580000000000000e+05
9.477000000000000000e+04
4.198800000000000000e+04
1.666600000000000000e+05
2.270020000000000000e+05
8.512100000000000000e+04
2.360420000000000000e+05
1.353870000000000000e+05
1.152420000000000000e+05
2.703800000000000000e+04
1.105420000000000000e+05
1.195750000000000000e+05
1.604760000000000000e+05
1.110440000000000000e+05
8.218200000000000000e+04
1.984290000000000000e+05
1.159460000000000000e+05
5.409200000000000000e+04
6.768200000000000000e+04
1.613260000000000000e+05
2.399000000000000000e+05
2.322240000000000000e+05
2.242940000000000000e+05
3.157300000000000000e+04
1.959350000000000000e+05
1.753710000000000000e+05
1.863200000000000000e+04
7.267000000000000000e+03
1.281390000000000000e+05
9.430800000000000000e+04
1.251310000000000000e+05
2.197210000000000000e+05
2.471250000000000000e+05
8.232800000000000000e+04
1.431170000000000000e+05
6.555100000000000000e+04
2.923800000000000000e+04
9.855100000000000000e+04
7.244500000000000000e+04
2.239270000000000000e+05
1.694760000000000000e+05
2.210760000000000000e+05
9.651100000000000000e+04
6.193300000000000000e+04
8.404100000000000000e+04
2.165540000000000000e+05
2.494800000000000000e+05
2.167920000000000000e+05
1.251650000000000000e+05
1.459740000000000000e+05
2.359200000000000000e+04
2.262720000000000000e+05
2.647010000000000000e+05
2.654560000000000000e+05
2.578450000000000000e+05
1.700160000000000000e+05
1.741280000000000000e+05
2.278530000000000000e+05
2.652180000000000000e+05
7.848900000000000000e+04
1.915690000000000000e+05
4.716300000000000000e+04
1.668940000000000000e+05
2.239890000000000000e+05
2.603640000000000000e+05
2.788390000000000000e+05
8.590700000000000000e+04
5.029700000000000000e+04
2.206730000000000000e+05
2.463650000000000000e+05
1.661610000000000000e+05
2.953540000000000000e+05
2.198230000000000000e+05
1.730190000000000000e+05
8.363700000000000000e+04
7.501100000000000000e+04
1.330550000000000000e+05
2.255190000000000000e+05
2.846260000000000000e+05
1.678790000000000000e+05
1.485890000000000000e+05
1.948520000000000000e+05
2.096660000000000000e+05
2.875170000000000000e+05
1.157140000000000000e+05
3.700600000000000000e+04
7.734500000000000000e+04
2.594180000000000000e+05
2.897610000000000000e+05
1.433880000000000000e+05
1.054100000000000000e+04
1.248120000000000000e+05
2.397110000000000000e+05
1.507310000000000000e+05
1.130680000000000000e+05
2.901000000000000000e+05
7.205100000000000000e+04
1.282710000000000000e+05
2.649890000000000000e+05
1.543860000000000000e+05
2.617980000000000000e+05
2.550290000000000000e+05
7.682800000000000000e+04
1.635390000000000000e+05
2.589370000000000000e+05
1.801690000000000000e+05
1.224920000000000000e+05
5.187300000000000000e+04
2.353700000000000000e+05
2.123500000000000000e+05
1.323800000000000000e+04
1.895060000000000000e+05
1.728190000000000000e+05
1.984110000000000000e+05
1.239910000000000000e+05
2.198290000000000000e+05
1.105140000000000000e+05
2.508190000000000000e+05
7.672200000000000000e+04
3.591000000000000000e+04
2.211960000000000000e+05
1.486830000000000000e+05
2.466070000000000000e+05
2.385190000000000000e+05
1.597520000000000000e+05
2.934920000000000000e+05
2.560000000000000000e+03
1.316310000000000000e+05
2.047600000000000000e+04
1.662950000000000000e+05
2.349700000000000000e+05
3.238700000000000000e+04
8.123500000000000000e+04
9.107500000000000000e+04
1.294020000000000000e+05
1.722570000000000000e+05
1.972000000000000000e+05
2.005520000000000000e+05
2.871900000000000000e+04
1.783200000000000000e+05
5.340000000000000000e+03
7.193900000000000000e+04
1.367360000000000000e+05
3.846000000000000000e+04
1.295350000000000000e+05
1.174000000000000000e+04
6.723200000000000000e+04
2.262020000000000000e+05
2.534930000000000000e+05
5.073100000000000000e+04
1.609100000000000000e+04
1.510520000000000000e+05
2.359570000000000000e+05
7.122700000000000000e+04
3.909400000000000000e+04
7.813600000000000000e+04
2.130420000000000000e+05
1.813980000000000000e+05
2.500350000000000000e+05
7.977600000000000000e+04
5.683400000000000000e+04
3.031600000000000000e+04
2.940040000000000000e+05
5.498300000000000000e+04
1.130200000000000000e+04
2.717740000000000000e+05
2.543700000000000000e+05
1.186830000000000000e+05
1.764390000000000000e+05
1.227000000000000000e+05
2.700540000000000000e+05
3.160000000000000000e+02
9.117500000000000000e+04
5.038900000000000000e+04
2.206800000000000000e+05
9.877000000000000000e+03
2.863460000000000000e+05
2.159860000000000000e+05
8.536700000000000000e+04
9.845500000000000000e+04
1.509800000000000000e+04
2.632400000000000000e+04
3.042700000000000000e+04
2.282240000000000000e+05
2.651900000000000000e+05
5.245600000000000000e+04
2.746960000000000000e+05
8.049300000000000000e+04
1.514050000000000000e+05
2.995800000000000000e+04
2.580130000000000000e+05
2.305050000000000000e+05
4.239400000000000000e+04
1.254170000000000000e+05
1.229760000000000000e+05
1.343560000000000000e+05
3.669100000000000000e+04
1.697530000000000000e+05
2.700070000000000000e+05
2.192230000000000000e+05
2.962160000000000000e+05
1.645590000000000000e+05
1.348520000000000000e+05
2.852440000000000000e+05
1.280920000000000000e+05
2.798150000000000000e+05
1.963740000000000000e+05
7.019000000000000000e+03
1.733720000000000000e+05
1.730040000000000000e+05
2.612560000000000000e+05
2.381800000000000000e+05
2.357800000000000000e+04
2.882720000000000000e+05
7.991200000000000000e+04
2.304780000000000000e+05
1.973200000000000000e+05
2.788850000000000000e+05
1.255250000000000000e+05
2.905570000000000000e+05
2.884630000000000000e+05
1.695740000000000000e+05
2.172290000000000000e+05
1.101700000000000000e+04
1.336860000000000000e+05
7.719500000000000000e+04
2.207980000000000000e+05
1.924810000000000000e+05
9.375100000000000000e+04
5.447800000000000000e+04
2.419220000000000000e+05
1.709600000000000000e+05
2.558680000000000000e+05
1.776290000000000000e+05
8.393900000000000000e+04
6.483900000000000000e+04
1.609680000000000000e+05
1.623590000000000000e+05
9.758600000000000000e+04
6.409500000000000000e+04
2.755640000000000000e+05
2.782200000000000000e+05
9.881900000000000000e+04
2.739480000000000000e+05
1.924110000000000000e+05
1.295270000000000000e+05
9.648000000000000000e+04
1.710000000000000000e+04
5.281900000000000000e+04
1.801640000000000000e+05
1.589430000000000000e+05
6.305300000000000000e+04
7.582300000000000000e+04
1.295220000000000000e+05
4.916600000000000000e+04
1.557830000000000000e+05
1.310500000000000000e+05
1.947280000000000000e+05
1.160060000000000000e+05
8.743300000000000000e+04
2.346350000000000000e+05
9.873000000000000000e+03
1.787110000000000000e+05
1.981730000000000000e+05
8.083400000000000000e+04
5.658500000000000000e+04
7.903400000000000000e+04
2.555110000000000000e+05
2.605050000000000000e+05
1.126100000000000000e+04
1.753090000000000000e+05
5.611000000000000000e+04
2.883950000000000000e+05
1.620720000000000000e+05
1.399340000000000000e+05
1.243620000000000000e+05
9.205000000000000000e+04
6.774900000000000000e+04
2.198200000000000000e+04
1.132090000000000000e+05
1.844060000000000000e+05
2.211220000000000000e+05
1.620880000000000000e+05
